extent_alloc 5044296 201138642 4842547 194404165
abt 0 0 0 0
blk_map 1199140767 376401247 14709243 10604684 8183122 1678483778 0
bmbt 0 0 0 0
dir 13618736 9431676 9150687 467719744
trans 15151 186872713 4675
ig 12131976 4969953 5 7162023 0 6991980 26948711
log 1223841 41867008 66573 1321937 219015
push_ail 196327710 1430 336927568 10693533 0 7230628 728 22368857 0 566717
xstrat 4839761 0
rw 312647661 3522461058
attr 26494101 9406304 28864 32807
icluster 0 6921629 30970749
vnodes 170043 0 0 0 11451054 11451054 11451054 0
buf 532576903 374446 532202776 444421 629546 374443 0 994006 222199
abtb2 18773775 216634883 1879900 1861996 155 155 621068 109234 254490 304847 1875 1834 2030 1989 1029645795
abtc2 30118617 348176549 9054459 9036602 216 216 521218 70701 209215 288961 1865 1810 2081 2026 3530613241
bmbt2 1803128 15063298 526164 515619 8 6 70405 71541 75269 70405 1186 1136 1194 1142 27914163
ibt2 18450031 217165545 26825 21550 0 0 5935 1427 4781 3817 68 36 68 36 5931548
fibt2 26194107 166233806 2079277 2078991 402 402 52759 2568 28285 17079 751 749 1153 1151 462184948
rmapbt 0 0 0 0 0 0 0 0 0 0 0 0 0 0 0
refcntbt 71001 106423 4014 4012 0 0 0 0 0 0 0 0 0 0 7707
qm 0 0 0 0 0 0 0 0 0
xpc 508949979136 1460233731896 14512290047097
defer_relog 0
debug 0
